54755
71241
70526
49628
71415
32783
16238
92980
91950
10715
99938
96829
41883
23927
97367
85524
72669
49357
81748
15519
9152
61498
90345
92706
29864
54005
38892
91574
57659
50114
44535
38485
67066
79217
1890
3719
33744
41818
78168
46331
18574
68912
69488
59396
94936
19849
50908
59637
72462
13260
31053
17563
80279
36112
91360
31014
70194
82436
58672
13442
43634
30682
47895
98217
36553
69711
74157
28424
77825
41966
17068
75807
93569
37504
31255
73981
92595
76673
44179
16925
5790
58510
87353
67214
66164
82520
89214
64594
86198
56867
72292
44859
86603
95802
70556
70003
60084
98242
34459
49918
59823
10008
91992
55891
78625
78618
13714
40761
95100
78516
60214
84201
52389
88571
42497
17980
44495
62032
55799
62528
67090
71923
46176
44553
1005
74798
10458
27374
52475
15926
41274
1111
6390
16386
11643
32954
33250
44447
37986
27834
46869
83051
42110
89854
35087
46877
39965
98776
81590
12379
29640
93417
43037
97053
82027
56172
87439
24899
16147
12019
75338
32313
89994
40386
73604
28578
79528
52633
21097
33971
30864
44513
70821
77733
35560
57095
14502
54231
85197
11775
73424
22797
21921
19480
99290
50880
64490
43336
21819
4389
47305
56965
49519
99000
36393
54087
59908
8416
74330
98225
73735
86256
12625
65102
54188
54558
26773
20674
93443
96918
39436
71775
62712
4586
8008
88332
2398
84002
33835
62460
6461
85297
9223
3069
17629
59945
47254
20365
21521
40518
98738
84190
77757
35123
86366
91659
35871
96471
84007
72067
57414
51933
37759
88637
68152
34311
21108
20011
42523
62940
41481
27422
36537
76579
26233
66059
80857
93981
41786
10887
97822
56531
60560
2440
13055
65188
11696
6541
64232
46678
24777
36878
62781
52858
92730
66625
11919
44214
33535
22876
54053
38650
27437
11891
40623
70250
50277
65801
34724
96052
38192
92489
66625
10545
16255
97148
34710
863
95300
35747
8772
3993
46678
64450
5165
7838
67608
49391
52348
33062
77222
68308
53325
85099
93100
97696
58017
65880
92682
92132
63855
15849
19831
61923
23947
87955
47413
76150
50874
68129
51140
67390
64637
42505
18126
8711
81869
73930
2210
5130
13003
36914
57228
96941
80860
99617
84621
53155
81075
24071
13470
17212
77591
71181
47630
50129
80594
4810
4444
81382
94350
94628
99280
96234
56912
60458
82501
28630
21866
98383
15127
12845
42362
40221
68781
51295
64420
94280
58489
875
14308
34028
12895
30161
54301
54305
19739
95832
33706
13156
12924
38849
95996
54196
87316
60553
33766
47380
44641
99750
33552
49769
74453
27684
8699
79437
8807
73881
29622
1143
26782
23626
92370
63103
69735
50304
33646
16790
41695
90169
80988
82336
80043
68456
52293
22786
46565
37648
90663
44758
58993
4725
77888
84452
61110
14237
57341
92611
56302
44248
97743
76412
69125
8933
38924
88334
44498
26507
88483
48563
89998
62319
11302
24123
32793
22410
83356
66624
84429
23363
45645
7622
53888
7485
75512
76766
30730
70732
66632
26685
94503
76749
59701
25818
90151
84718
80535
90924
70167
59351
1568
87621
99697
20146
55078
23139
40
46473
35206
58546
97692
52256
35705
38527
66313
52647
56330
69782
36029
38497
60217
28338
24033
19466
33340
25048
79447
59210
86930
60297
3785
34441
28931
20853
88728
13354
17543
76010
78486
24251
14426
91779
86599
84078
37867
39893
92553
80808
48703
7604
28722
91756
37783
36543
86233
43811
95612
4957
67740
20365
16422
45234
50505
66028
29553
4514
59632
55108
56703
74509
45537
69776
3052
62293
56357
47238
14350
36478
94732
58809
27032
56629
22538
82244
6082
27134
15829
81826
5953
82760
92030
13966
97463
47835
53070
49837
27569
72749
59619
24251
64378
3754
74561
80163
74440
18586
57146
59521
798
3820
45757
19155
4240
59920
85310
55425
73851
88139
38663
62948
19385
32694
45653
20378
80670
35245
59265
90562
26492
37888
29892
2715
33230
17768
26504
30444
82958
98134
33050
63992
46457
40070
13723
16140
47340
38144
10629
25404
25456
56134
49379
97353
68917
50617
37214
22691
68794
27278
55290
81124
56384
66474
77255
76138
94695
79363
26078
21054
97207
85533
25929
9538
2886
2895
71928
88188
74698
7210
19865
45963
78095
17079
13777
69148
84297
74402
87612
11476
96171
27298
55676
40786
49131
48290
61445
72132
14903
42762
25492
83118
49688
12403
10046
33258
30712
67203
33609
40565
23251
66444
19373
63741
63432
43773
44739
74411
10450
13576
94461
90401
73166
56103
11663
41280
16259
9343
72532
38759
29130
38464
93503
93345
86273
69572
2732
27947
96489
19403
75685
21362
23777
11200
49601
41185
32032
73597
23758
550
19723
6536
13736
72745
46489
56149
2922
39412
19291
45507
77833
78884
87248
30827
310
33230
73975
42349
34324
38166
14935
70223
20389
41912
77485
99358
94774
62400
50269
47363
16731
24843
16973
38598
1345
84897
86146
70089
94214
66714
77274
72624
73353
36865
70012
20165
14504
76498
85888
30757
75235
85638
52348
3729
64026
4873
91856
70319
99111
96924
56571
85680
10173
8710
30715
5811
57672
69603
17455
45058
27362
59107
49826
40114
43020
23774
32008
41441
19675
65890
26691
52663
4121
87724
74099
92814
46437
60805
88042
85910
31795
36832
39580
35885
80810
98288
68819
11757
25887
38562
31221
26672
81198
28818
26737
87351
83838
59600
31172
52663
33929
96854
48823
15475
28549
50311
6167
60256
4785
39943
79700
39319
51361
3705
4112
23962
10500
93553
13174
89760
80207
18488
95865
27305
6507
82493
22748
32685
17785
50847
55234
71374
51793
4844
22423
79400
62376
30882
69298
91480
73652
21606
77946
94170
91173
25667
71313
35395
86862
11580
91424
26544
87785
50869
37121
72596
83043
9889
2828
76216
69862
95794
89996
69714
54495
18254
53302
61070
193
35761
8817
15808
93298
59596
49221
10377
99675
20405
47500
66122
44021
47013
33109
59366
8645
7374
15983
92822
90243
28562
54009
89508
92868
46511
79248
73924
12870
95630
85681
65577
99795
98629
24176
55238
83025
93744
13661
85721
71871
97288
68170
15313
74519
65759
29090
54536
79730
26313
78557
30668
92738
83299
25320
15224
81509
17676
17291
69012
65540
18252
69825
89350
91060
96886
13743
81354
55533
44245
98523
23074
97130
91529
31481
10125
29530
92620
25305
52668
72193
94243
84966
89406
45422
49802
75425
45882
95470
53064
74051
46184
34968
38326